v3.0 hex words addressed
00: 440003 410000 420100 830100 410101 420201 930200 000000
08: 000000 000000 000000 000000 000000 000000 000000 000000
10: 000000 000000 000000 000000 000000 000000 000000 000000
18: 000000 000000 000000 000000 000000 000000 000000 000000
20: 000000 000000 000000 000000 000000 000000 000000 000000
28: 000000 000000 000000 000000 000000 000000 000000 000000
30: 000000 000000 000000 000000 000000 000000 000000 000000
38: 000000 000000 000000 000000 000000 000000 000000 000000
40: 000000 000000 000000 000000 000000 000000 000000 000000
48: 000000 000000 000000 000000 000000 000000 000000 000000
50: 000000 000000 000000 000000 000000 000000 000000 000000
58: 000000 000000 000000 000000 000000 000000 000000 000000
60: 000000 000000 000000 000000 000000 000000 000000 000000
68: 000000 000000 000000 000000 000000 000000 000000 000000
70: 000000 000000 000000 000000 000000 000000 000000 000000
78: 000000 000000 000000 000000 000000 000000 000000 000000
80: 000000 000000 000000 000000 000000 000000 000000 000000
88: 000000 000000 000000 000000 000000 000000 000000 000000
90: 000000 000000 000000 000000 000000 000000 000000 000000
98: 000000 000000 000000 000000 000000 000000 000000 000000
a0: 000000 000000 000000 000000 000000 000000 000000 000000
a8: 000000 000000 000000 000000 000000 000000 000000 000000
b0: 000000 000000 000000 000000 000000 000000 000000 000000
b8: 000000 000000 000000 000000 000000 000000 000000 000000
c0: 000000 000000 000000 000000 000000 000000 000000 000000
c8: 000000 000000 000000 000000 000000 000000 000000 000000
d0: 000000 000000 000000 000000 000000 000000 000000 000000
d8: 000000 000000 000000 000000 000000 000000 000000 000000
e0: 000000 000000 000000 000000 000000 000000 000000 000000
e8: 000000 000000 000000 000000 000000 000000 000000 000000
f0: 000000 000000 000000 000000 000000 000000 000000 000000
f8: 000000 000000 000000 000000 000000 000000 000000 000000
